17291429.0
23573258.0
26432623.0
52793396.0
53633605.0
55012109.0
57226048.0
58937384.0
67057254.0
67057735.0
74488735.0
76019825.0
83578673.0
93769355.0
96787900.0
103920991.0
108653825.0
109622737.0
116373079.0
118840122.0
132482584.0
142843689.0
147606305.0
156934864.0
160874621.0
161262801.0
162378039.0
174194590.0
174228242.0
174626103.0
193359259.0
199729912.0
210650161.0
216459207.0
222887239.0
225954017.0
248298308.0
248957242.0
258435110.0
262903158.0
267419726.0
281416109.0
293450741.0
302244949.0
303440603.0
304057912.0
325251614.0
356600138.0
388340618.0
393912760.0
410479725.0
422939499.0
450221005.0
